00100000111000100111101001111101
10011001011000011010100100110000
11011011010111001100010100000001
00011100001011001100011101101001
00011100111011101101100101111101
11010110001110010000000001000100
01010010010010111011010111001010
01110001110111000001100010101100
10101101101010111101100111000111
01100110100111011111010001011010
11000111111010001100101011011010
00001100001101011101111101011101
11110010000001111010110001111100
01110011000111011000001001001001
01001000100010101101001101100001
10011011011011111000011111000001
11010110000100101100110001011010
00110000110101010111010111001110
00000110110001111001000110011011
00101111100110110001110100111011
10101000011110011010110011101101
10000100010100110001000111111111
10110010011100011110111110100001
01110010100100111110100000001110
10101101110100001010011100101100
01101001011111111011110011010110
10111010101111001110111001100000
11011100010001111100100110100011
11000000001100000111001001000110
11010010101101111110001011010010
10111010001100101010111101110111
10111100111111010100100000101100
11100000111000110001110001000001
01110110001101001101100110010000
01001100101010110001101000101001
01011010111001001111111100111011
11000110010011001111110101100111
11011001011011111100101000111111
01110000100011010110110101011010
00010000001011010100010100111110
01010101101011001111001010001010
11000110100101111110100010100101
10110010010010001101011101000011
01011001100011011010100011010011
11011000100001000001100010001010
01010001001101101001001001000110
11000000111110011111011101000111
11010000100000101010000101100111
01010111100001100001001001001001
00101011001101011001110001001010
00001000001000011100110000001001
00001001101101000110111100011001
11000100010111010111010110110011
10000000111110101110001111111110
01000100101101100010110010010111
01010110011001110100001101000111
00001011001010100010011110001001
01000011010010001001111001100010
11010111011011111001011101010100
00100111001111101110101000111001
10100110100101001111100000100001
01110011011110010001110010010000
10001011001011001000111001011000
11011001110101010001110101000110
10010100111101110111000101000110
10110111111110010011001011100000
11110110001000001100111100000000
11001011100010010101100010111101
00100001100100010101111101010011
00001000011010011110100110011001
11100100000111111000110110000001
11110011000000110111001011011010
00111010101101101010001010010111
10100101100000011111111111101010
00101111100011110100101110111000
11111010110110010000010111100101
10001100101110101111010001100001
01111110000111100010010110000111
11100111000101000000110111010010
00101000111011110011000001101111
11011100110000001101111011000111
00010110110001100110100010111001
00101001111010000011100101010101
11111101010101000111110100001100
01001111111110000001001010110010
00111001100011111100111100100110
11110010101011111101101110000010
01111110110101010000011010010000
11001111111101101011010111111100
00110010011000011001010111110100
11010110111111010011110000010110
01001011110110101110111010100110
10011111101100011011111111100011
10101010011001100111011100010011
10011101010111110010001010011111
01101110111010110001000001111010
00000011001001010101001111110010
10001101010100111101010011010001
10100010010010011000101000000000
01001110110001010001011001110010
10010110101110100010100110110110
00001110011101000010110111010010
00110101011111101001000010110011
00001100011011011011010100000011
01110001100010000100010110010110
11011010011101011000000000100000
00100000000011111100011010011000
00011101011110100110010011000011
11101111101111000100111111011011
10001111100110111100010010100010
10110100111001111110000000111110
00001111000111111100010110011011
01110000100100110000110011101110
11101001100110100110010111000011
01101110000101110010111111101110
01100100100100011001010000010100
10110001101001011011001110100110
11010110010000011110110100001101
01110111001110001111000100010110
00000110000100111101001010001100
11011010010110101110001110100011
10110111110111110001001110101011
10111110001110010111010000111010
01001101011001110111111010000100
01110001110110101011001110101100
00001010101001001011100110000001
10110001100011010000011001000010
10100000110001001101110111101000
00100010111110000111010100011110
11110001111011001110111110000000
01110111011011110110100111000010
11001010110010010100011100110000
11000011001000110111011010111001
00101111101100110100100111110010
10010101000110100001100101111010
01100110111000001010101010000001
11110000000000110000111100010000
10011110100011011000001110010011
11011111010000010000000011111001
00101011111001000000011110110011
01101111100001001001001101001000
00101111101001000101001011001001
01101010111011110000000001110111
00010010100110000110010101111001
11001001100001110001110010101111
10010010101010101011000100101001
00100010010111110100100011110010
10011001110110000101110001110100
11110110101011100101001101111011
00010001100111101010001111111010
10101000101110101011010101101011
11011010010001001100001000100001
11011001010000100110011110101010
00011101011000111101001110011010
10111100111111101010111010000101
00111000001101101000001110110001
01010100000000100100100111000000
11110011101101000100110101111000
11101011101101000110001011100011
01011001000110000111001110100011
00111001101111111101111101111000
11010100110010001101000100111010
11011101010000111010011011001100
11101100000101011001110011010011
10111100100101011110101010001011
01000001101011101010001000001010
10000110110001100010011010100000
11011110111001111000100111101010
00101010001101110100111001010111
00100100011000110111111110001001
10110001010011000110101110010010
00011100111001111110100000111110
10101011000101011011001011001000
10111010100001110001100101010110
01101110101110010001011110110101
11100000100111110101100100110110
11001011010100011101001101001010
00000110000000110100100101101111
01110100100100000101101101110011
01010101100110010001010001000010
10110001001101101101110011101010
11110001001010010111111111111011
11111111111111100101010000000001
11000100101100011110110000010111
10011001000111011100101000000110
11001100011000101010111011000110
11011011011100110000011001111000
00000111001010101101011000010010
01010010010010001001100111011001
01101101010011101110111001000010
00011110110110111001010011000110
10001011001100110011110010001001
01100001011111101100000010011101
11110011011010001110111110101001
11011101010010001001110101110101
10000100011000111110010001110000
11101001001100100111100110011101
01100111000100100110111101011001
11001111111111101100001000011011
11001101001101101111110001011000
11100111100110000101110001110110
10101001010101011010101100111111
11000101001000100110010100010101
01110110001001010100111110001110
11001001110000101010100110111000
10011100000011100001011010101110
11100000011101010011000111000100
11111111100011110010111110000111
01001111010000001101111100111001
10000011100101101010101101101010
00001100001001010011010011111111
11010000001100100111010101010111
11001001011010011101000000111010
00001010001110000011001000100001
00001110011100000101100110000000
00110011100110011010000111100111
11000000000100010010000011110111
00110011101010000100000101111000
00101001111100100101011100011000
01010001001100001110100000000001
11110000110000111101111101010110
10001101110010111110101010111110
01101111101001110000000100101011
10110111100110001011000110010110
10101110100001100110101101001101
11000110101101100100010000101100
00101001101111011101100101001000
10110000110111100110100110001011
11000111000100111000000111111000
11111111001110101101111100011101
01100011101110100110010100000011
00001001110001010001011000000100
00111001011110101101011001010100
10010100111000001001001110011000
00101111101011111011111010111011
00000100101011001010001111111110
10001000111110100001110010001011
00000110000100100000010001010001
11010111001101011011000101011110
01100010111010101100100111101010
10101101001101101100110001100000
00010011100101001100010110010110
11011101110100011110101011010011
10111100001000110010111011110001
11000010010110010110100001111010
01000011010101111110000010110101
10111110111101101010100101010111
00111100000111111011111110010001
10011100011011011101111111001001
01011100100001010110011010011001
00000010001101100110010011111010
11001001110101001001011110010111
11100111100000110000101111101100
11010111100000010011101001111001
11100011000011000000001000010101
10100101100001010100100001001100
00001111100000000000110001011101
01001010001001001010110010001000
11101001010010100101010010110010
10100101100100011100001110010100
10011011010101101110111110000101
01000000010010111010111110001100
00001101001111100011001101011001
01011110101001011010101011001101
00011111000111111111100000000101
10011100101100101000011010011000
10100111101100111101011101000100
11110001010001001011001001001111
10010011101000010011010011000110
11111101011001110110000111100111
10110100111101101100110000001001
00000010111001110000110000100101
11000001101000101110101000110110
10010110001111011110010111010001
11101001110111011111001100001010
00010101001101111110001000000000
01000001110001100100101110010101
11010101110100100001010001001000
00010010101000101110010001011010
11100111111100110001110010011100
01110101111101100100010110101101
10011111111001000010011100101101
11011101110101010001101101001010
11010100111001001101111001000101
11110011110010111010001011111000
01110100111110111101110111001011
00111111011101110011100010111010
10001001011011001100000101000101
00101011001011110000110000000011
11010000010111111101010101001100
00100011111000100000000101000000
01111011000010111001100100001101
01100100011110001001100010110000
10011110010010010001111110010111
11111101111001000100000000011111
11111101101110011001111111100010
00110110011110001100101100110011
01110001110000011111011011100101
00011010110010111010000101011111
10001111011110000000011101001110
11101011010111101000100110010010
11010010100101001001000110100110
01110110111111011111010001000000
01110101000000111110001111100101
11011111001011010010111100010001
01111011100000111011111000110011
10011101101001100111111000111110
10000011010100101000110001011001
01111000010001110101111000001011
11011000100100111111011001000101
00100011001010100010110110000100
10100011100000001011001000001111
01001110000100011111011010010001
00001001111011111010101110000111
11000100010111110100100110111000
11100100100010111100001000001101
00010111100001011110110010110110
00100000010100100001000000111100
00010110001100000100000110000010
01010110110001110000000000001001
10111011000001010011101101110111
00011011101101110110101101001000
00010001010010110010000111000001
01001011101111100001001111010111
10010110000111110011101110110011
10010001100101100110000001101010
11110001110010010101110110110010
10000011110011100110101111101001
10000000011010100110011010111001
11111011001111101110101011111111
10000001001011100111100001000111
01000000011110101110110001110101
11011101111000000111011110110000
10000010010010011001010000100111
01011111101100010010101011111001
11100000011000011101000011010000
01001110101110000100010010100000
11001010100101001000110000100000
01000010100001000101110001001010
10101001001100001011000111110010
11000101111111110111010110001110
00001001110111101001001111111010
11011010011100000111011101010001
00100010001110010000110101100110
10100001100011000000101110111011
01100010110010110000011110110110
11101011011000111100111000100001
00001001101000000110111000010010
10000110000101100101000100111100
01001101101111101011001111100100
00101100100000011100010101101010
00000011110010011001100100001001
01111001000011011101101100011110
10000000010110111110100010001001
11000111101011111011101110110101
01010100001111100101000011011100
01110111101010001000111110001010
01010100110010000010000100010100
00101110011001111110001111011001
10110001101001110110010011101001
01110100110001000101100011001101
00100000011010001000001101110000
01001111001001001110100000000100
11110101101010001101010010111001
01110111101101001001111001110011
10001100110110011101011111000100
00000101110111000100111111101100
01010110100001111101100101111011
10100011100110110011000001100110
11111011000010010001110011000011
10110000011001111110100100001001
11011000111001011011010100101010
10110111100001110101000110111001
11000100101010111000010001101010
00000010011010000010100100101101
11011101111100000111011000001110
00010000101100111101110000100100
11011111110001111010011101011100
01011101001101010010101110011011
10101011101010010001100000011001
10001000111100011010001011001100
11110111101011011001101011101000
10110010001100111111101010100001
10011111101110001111100001110011
10101100010010100000111011001110
10001101100001000010010001001111
01001110110110000000010111010001
11111000010100011011100010001000
11111010010010010001000111100010
11010101011100011100100001011000
11100100110100000001001111011000
00010000100000111000001001000001
10110001000101001011001111111101
00101001110110111011100101101010
11000101000101100110011110001110
00000010011101011110010011010101
10100000110010001110111001000000
11000110101011010100011000000110
00001001100111110010011010100000
10000110101101101011101110011100
10111101001100100000100011111100
00011011001010111001111001101101
11010111011100000011010101011100
00000001100110010100110111011100
00011001110001110011011110001000
00100101111111000001110011010111
11101100010100000011100110111011
10101001011000110111010000111010
10001101101000000111011100111000
10100000101010001111000010001100
01010011001011100110010111010101
10001010111000101101000100100110
11010101101110001011010001100010
01010101101001110001111011111000
01111010101101111011000010101010
01011000010010110011110101001011
10100010111000101010011010100011
00011101100100111111011110101011
10100010110000111100001100100000
11001111001100111110000100101001
11011001010100100011001000000101
10110000111001110001101000001100
11011101100100110110110110011001
10001100011101100110000100111101
10111001010110001000011100110111
11010011011010010110100111000111
10101011010000001000110001011001
01100101100001110010111001100110
11000110101010000000101010001100
10010100010000011101000000110011
00011111110010101111101001110100
10010010100000011111000011110100
10011011100111001100100011100110
11011100101100110011100010001111
01110010100000010010001011010010
10011000000011110100100000100000
01000010000000100101000100100110
01011001001110000001111010110011
01010011111000111011101001010110
00000000011001010100001111110010
00001011000100011001100100110011
01110100010000101111110001100111
11101110110001010111011111100100
10011011001101001000011000011101
10101100110011101100110110110110
01001110001101000000101000001100
11010001101001111001111001000101
10001000101011111110001011101101
10001001100111111101100100011000
11111001000101011111100010001100
00100011110110100110111001100111
10110010101110110011001111010101
11100100111001101111111100011100
00000011011100001110011010010010
01101001111101011100110001110100
01011111111010000001011110110100
01101101001110011111000000001101
01101110110100100011001100011110
11100010000100000111111011000100
10011100100001101000100010001110
00010111001000011111000110101001
11100110101010010001111111000010
00100111010110111000111000111000
01001010001111101011011000110110
01101110110101100100111101101010
00110000111100011001100101101100
01101110111111100111111010011011
01010111101100000001011010001001
00010101001000111001111100011011
00000111100101011000001000101001
01100111100101011101101111111110
01001100111100011110101011011010
10010011101100100010010101111010
01000001100110001100001110000111
01011001111000000100110110100100
00011001111110011100010111010101
00101101100110110110110000100111
01000110100011011011101101101001
01001100101011110001111101001010
10110110010100100100111001100100
00111111010010111011000010101101
00110010001010100000011000100111
10010011101011111101111111110000
01110100110000110110011000001111
00001001010010111100001000111011
10110000010110100100011100001011
11100010111111110011000110000011
10011001001100001000010111011010
10100000000001101111111111101101
00010100101101100110100000100110
00110110010110110011110110110010
00001100111000001010010100100011
01010101000001010000000110110111
11011100100001000010011100111100
10101011111101001101001010100100
10110011000001001100101010011001
00110100100001101011100110011011
10100011100111111011010100011111
10101111000111001000110010111011
11100010001100110101111100111000
01101010100010101111000000011101
11011111010011010010111001111011
11010100010110111111001000001100
00100000011001001010100000011001
00011001001011010010111100000001
11100110011110110110001011000101
10011101110001001000100110111111
01100010111111011010110000100010
00110111011111000101001111001010
11010100111010111101101000000101
11110000001100111000101010100110
01010110100000000110001001001000
00011110101001100000100111000011
01111100011000110101011100111100
10000101011001001110110000001001
01111001100111000010010111010001
00010011010011000011110101110000
11010010011110110011111001001001
11000100011011000011110010011010
11010011011000110100111010110001
01101000010111110000101000100111
11110000111100010001011010101000
00000111101111010010100111101101
11001001011011100010111100011001
01110010001000111100101000001111
10011101110011001000010010001011
01111000111111101110111011111101
11000001000101011001000011000101
00000001011111101110011110110100
10110001100010010011011011100101
01101111111000100001001011110011
00010100011101010001100010111101
01000000100101100001101011000110
00011000111010110100110111011001
00010100111110100010100011101000
00111100010001011011111011000010
11010000110101001100111100101100
10110111110010001100011011110001
00111101110101110000001010101110
11000011101011110000111010001000
11110111110010110100001110001001
00110001011010110000010001010101
11001000001111100001011000110001
00100101111001110011111101100000
00000110110110000000111111100010
10111100101101100011100101111110
01011101111101100000111011001010
11011100001110000100000111011100
00100110010100100100010001001000
11111101010001111110000110000001
10010011001101011101101001000101
11111101110101001010101100010000
11111000000100000101111001000111
10011010001011001111000011010010
11101101010011011100011011011011
10101011100010001100110110001000
11010000011010010111110101000111
11111100011011111110010001011001
10000111111111101011110000111101
01110000100101101100110010101000
01101101100010100110010110100001
00111101111111011011100000000110
01110010100111010110110101000101
10000100000011101100001101111000
11011110100000100111010001010100
10000010100010100010111001111000
10111110010001000000001101110001
10110011010110101011010010100111
01110010010011111101001100010001
00000110111001001101000110111110
00011000000000110100100010111010
00110010101001001110011000000011
00001011001010100100101001010100
01001101000010011101110101011110
01101000000010110101100000110101
11100100101011111111111010100011
01111100000110011110111111111111
11111111111010101111100001101011
01001010000110111001100000111111
10111010101000001111011111111000
01101100001000011001000101110100
01011100011000000110001110010111
01011011000010101000100110101101
00101011001011010101011111001110
00010011011101100000010010011010
10100010011101000001110111010101
11000101101001111111000100011000
00110110000100101011001011101000
10101101110100111010001001010110
00001110010010011111011011011000
11001100110000110100100110111001
00101100011111001011111110101010
11110000000111111110001000101101
11010111101011000001110000000001
01010100000010101011011001011001
01011111011111001010011001100010
01010000000001010010100010110010
11010010011010001000110100011111
11111101010011011101001011011011
10011011011110111101100100000001
01010110100110000000110001010001
01011010100110100101000000001001
10001100000110101111001100001101
10000100001101100001001011001000
00001100001100111001100111110100
00001101101100110111110111100110
00100100010000011001100101001110
10001111001011101011101110010011
11001110010011101011101101111000
10111000100001001101110000011010
00011111101010101100100110011001
11101101011101000111000101110101
01010100000000100110010001100000
10111011111110000111011111111111
01000100111010111110011000110010
10111101110110001000000000110001
10111000010011101010101100001101
10010001000101000110001000011000
01010101000110001100011111011110
10000100100001001101111101011101
11101011000101001101101100000110
11111101100001011111100101001010
01111100011101110100010000101100
11100010101100100100110010101111
01100010000000011000111001100100
10001111000110001011010110001000
10101010111101001000110011001111
11011100101000000000110100100011
10101010000110010011011100000001
01100101100110111101101111001110
00101111100100011110011111101101
01001101001111000000111101001111
11000110101111100110100011100101
00011001101001000001110110100111
10111100101010100101100110100100
11000010111111100101100011110000
01011110001100111011001100000100
01001100011000000010000011000011
01110000110010000011111011010100
10010011110101100111110101000111
10011001001000100100011101111100
00110101011001101101101101101110
00001110100111111111101000010111
00001110011110011100111101010011
00010011010111111101101010100001
10010101101001100110110110011000
01010101001100111010001100011011
10111011111110010100001001001101
00110001100000100000110111110011
01100111100101001110010001110101
11111111101111011011000100000000
11100110001100110111011001101001
10001010110001110000010011101111
11101011110001110110110100101000
10100110110000100010111101110010
01111010100111100100000100100000
00100001111111110111011101001010
01110011010101110001110111110000
10001000000010011001001110000010
10100011110011111110101011000111
11011100101110011011111110100100
11011010010111010100000010000010
01100100010111001100000101011010
01111100100111001110011111011101
11100100110111010001111110001100
11111100100101110101001011101000
10001111001011100001111001110010
00001111110011110011001100001010
10011001101111101001001010000010
01010000111111001101011010101000
10101010001000111100110101101110
11100101100101101010011101001011
10111001001101010111001010001011
11000101000010111101100000000010
10001011101101111110110001001101
01010010011000001001110101110001
10111011101101000010001000010110
10111101100101101010110100101110
00011011011000001010011011010111
00011110111101001010011001110101
00100111011110001110101100111001
00010111111000010001000111001101
10010100101110100111010000010110
01010101101101111111111111111100
00001111011010001110100101011001
10100101011110101011010010000111
10111000100101000111000000001011
11011101001011111011100101100111
00110110110010100010010111010000
10011011010110110101111001101101
11011010011111101010101001011000
00111101000101100011000010001110
11010110001001110110111100010110
00101000001111111110011011010000
00110111100111010000101100110000
01100111011000010100110010110011
10110011000000100110011110110011
01011010100111100110110000110100
10001011100101101100011101000101
11111111111011111110010110000011
10011111110111000001001011111001
11110101100110110010001011001001
10000100111100000001101110011000
10110101011110110100110001101011
00000001001101100111110110110101
00101010101111111111011000000001
01100111101011000010111111011011
00110100100010100001001011110001
10011010001101100001101000101100
01001000010000010011000000100000
01000101011110010001000100001000
01000110111100010100111101010001
11100010010100001110110011101001
00011111011110001011001000110101
10110010111111000101101110010111
00100001100110111001001101101000
10111100010110010101011000001011
10100011101000001110101001100000
11010001101001111101101100111110
10110111000001010110100001010011
10010010000111001010011011101001
01001000000000011011111111011011
00101100110110111011101100000101
11001110001000101110000010100010
11110001011101001011111101001010
10111010111000101110111110010101
11010100000000110111000111011101
11001001011011110000000010011000
00011000100111011011111001100001
10010010000101110111011110110000
10001111110001000111000001100110
10101110110001001010011101010000
11010111101100110110011010000001
01011110101111111110101100000010
01000111110000101111011110010100
10001000011111010110001010100001
10001101100000110000100100101010
00001000010000000010001001000100
01111011011100010110010100000011
10001111010010001111011000100101
11011100110110001010100111100001
11110100001101111110011010100110
01000010010100100111110110111010
11101110000000101011100101101101
00011101010110000110111110100110
00010101101110010001011011011110
10110011001001010010111001100100
10011010010000101101101101100011
01010101001001110100101010011101
00010011111010000000011111100110
00101000101000011111010000010000
01111001000100001001001010011111
00111100010011111111111110001110
11100100010101001100011000001010
00000110100011000001100010010110
11111001100111010110001011000100
00010111001101111000000110010100
01010010101111000111011111000001
11011110000011100110010001000001
10101100001011101010100111001100
11010011110001000101001111000110
01001110000001000010100111010010
10101010110000011110101110010101
01011001111010101111000001001100
11001000110000000100111011110110
10000010000011000100111001010011
11011101000010010000000101001100
11000001001000111111000101011111
10101100000111000010111010110001
10111100010110011011100001000100
10000100110101010001000111000101
10111110111001111001100100110100
11010111100110111001000000111001
10111001111110101011100000111110
10100001010110101110110001010001
11111110100110000110111111011000
10100011101001111110001110001111
10010001000111000111010000001001
10110111110010011111101010110110
01001011000100001100011000101111
01101001110110101011100111000111
10111110001100010110111111100001
00100100001000110010011101000010
00011011111110110110011110101111
11110011011010010011000010101110
01110001011001100101001011001000
10010010111011010010011011101010
00101001011001111111101010101011
00111000000001010011000001100110
11010010100100001001010100100010
10111110110011011001100100100111
10101011011011110111101001000111
01000001001011001001100001011001
11110111101000110000000001111001
11100111000001010011011001111100
11010101101101000011000011010011
11011010100000110111110110011001
00110101100101000110010100111001
01110011100011100100000111111110
11100111100110101101011011111111
10001110111100010011000000110010
10001010101000000101101011011001
01000100111101110010010001000101
01011010010100000011001001000100
01000110100110110101000110100001
01111101111100010101000000000110
01101100000100100000111110010110
00011100001010100010111000100001
11110111110101001001100111010011
11010000011100100100100101111011
00010111000010001110001011101010
01001100111011101101011110111100
01111000101110001110110111101000
00111000110111101100011011111101
01011110100111100000011101110010
00110010111100101011010101110100
00011111011001110011011101101111
10001100010111001110010110111001
01000101101111011000110101000001
00101110000111001011011011110000
10110101011111100000101111101010
01101011001011010101000000000100
01101111001000011110100101010000
00111000111010100011010101000000
10100100101110001100000110011000
01111010101000010000110101110011
00010110100111100011110000100010
10110110101101001000110001011001
10100110000001110010110011001100
01000001100000110111100100110001
10110011101101000100111111100001
01001110100011110011111111100111
11111101010111010000001100110111
00111111011000010011000000110111
01111101101110110100010100011010
00100110101000101110101100000000
10110101010001000000000110010100
01111101000000111010111100111001
10111110101110000101010110110000
10111001101010001011001001111101
01010110101100011100000101000011
11100010010101111000010001101001
11101010000000010111000011101010
10101100000111110010110100000110
01111001000001110001101110001110
01000100101001010001011101001111
11100111011011001001111101010110
01010011011111101010011010000000
11100111000011011000100100010110
11011001110100001101101001101010
11101111110011100011101011100011
11011001110101011111101001010100
11010100010111011110110101100001
00011100001011100011000000111100
10011111111000111000100101111111
11101110010010101101011110101011
11011011101110101001011010000001
11111110100100110111110010101110
00100101110011110100111110100011
00001011011000101001010100101100
10010011010111111110111100111111
11001001001100010001001011011011
00100001111001010111111001111111
00000001101010100001011010101000
01000010001110100101011101100001
10001110111000010000001100011100
11100110100000110111100101001010
10000100011110010110010010000100
01001101111111000100111110000111
01100111100111001001011011101001
00110100101110101100001100111100
11111111100001010011100101000001
01000011010000110100111111010101
10111000101100000100101011111111
11010101100101110111100000100000
01010001010111010111110011001100
01110010101100111101010101101101
11011101001100110001001000101011
01110110100100010101100111101011
11101110000111101000011000010101
01110010101001000001100100001000
10101110111000000000001011110100
01011000000101010110101111000010
11000110010101010110001100101000
00001101110010111001010101111101
10101111011011101101011101001010
01101010110100110101001110100100
00110110010111011110110011111110
01010101110101001110110001011001
10001101010101011111110100111100
01111100001111011011001111111110
10110101101010010010011001011111
00000010101001101000000001000110
01010001111101000111100110100100
00011111100111011110011001000000
10101110010111010001111010011100
01010011000101000010100101111000
10110100101011010101111011011010
11000000010101010111001110111111
00011110101011000000110101100111
10001001011011001000110101010011
11010110000110110000100001100000
01001010111100110100000000010001
00111110010111000011101101101011
11000111001110000101101001010000
01011101010001010000011110000011
11111001110000001100010101110001
11100101101001111010011011101010
10110111111000010001111010100111
11100100010110001001101000010110
01011011110111010111000000011110
11101000010111100100001110111010
00100100000110110000001110010110
11010000010001011000110100110011
00000000110100001101101100000001
11110011010001100110100011111101
11001001010101011110100010110101
10111110111101110100100000101101
10101101111011000110010110111111
00111001101111011101100000001000
11011000110101110000101110100000
01100000110000101101101110100111
10011111011100011011101001010010
01000111100000110101001001101100
10001101100111110000011110001111
01110001011110000101000001011000
00000110000100010011111001111011
10100100110011011111000001010011
01110101100111000010111001000010
11101010001010010101001010111000
11001101011110000001001101000000
11010011000110100001000001110000
11111011111000111011100000000000
10101110110000111101001100001011
00111011111000010110001100001010
01001111000100101100101110001011
11101110000111100100011110100010
11010100010100001110100100111100
01010001010101010110110110110010
10011110011000111001001100010001
00001010000111001001001001000101
01110000001111001001000100001000
10011100010000010011011010111001
00011011010110100100100101110100
11010111100101010101000110100100
00000100000000111000101011100100
10100000111101100011000010000010
10110001100100101001110100100011
11011000011111001001011011010011
11110010110100101111001000001101
00000010011001111101001110111010
00111010100110111101001111111001
10010101001111100000111000000001
11011000011001111111101101010111
00101010111010111010101001100110
11011001010111001101100111110000
10010000110011000010000101111111
01101010100101001001000111000010
10000010011011100010001100101000
10111101011010100111011000010100
01101110010001100001111001100010
00111001100111101111001000110000
11011110110101110100110000101100
10101110100000011101011010000110
00011011011110011100011000110001
10001000011110111110111110110111
00001010001001100000011000000100
10101010000001101110110110110101
01000010011001011100100101110101
01100000001101000000100000101111
10011100011100100100101000011001
01100101010000001010000111100111
10110101000111001110111001011110
01101100110001110111001100110110
11100100010111101101110110101100
11001001101111110111011010101110
00000011011110001010010101011101
11111001111110010110101001111101
10001001110111001001111110000100
11111100001111100101111100010100
11000100110101000111110111000110
00100001001111101111111001000100
11101110100101101001001110000010
00011111101011100011010100001110
00101101001001111010011110001100
00101100111000010110100011001101
00101100001010000111010010001000
11111000000101010100011011100000
11101101001111000010011010001001
10111000110101110110110011000000
00101010111001110101111010011010
01101101010011111010111110101011
01111011110001110001100010011011
00001010000010110101101001010111
10001100111100110100011000101110
11001111111101000001001001110111
01101011110001010111100101111101
10110100000100000101111001101101
01100111010110110101011000101010
01100010101001011101010100001001
00010011111100000010100111111000
10110001111101110100001101110111
00111110110101000111001000011011
01000100100101010110100100101100
01111010111111011100110111100101
01100100010101101011011111011000
10011010110100111010011101011111
11111101100000100000011000001001
11010000000010100011011011011110
00111011110110101000010100101011
10100111000111100101110000101111
10000001001110011000101100110001
11010011111001101010100001000110
00111100110101110110001101101101
00111100110100111101001011100010
11010101010010010011101000011011
01011110010010111001001110000100
01110011100110010100100011111101
00001110100110101001111111001110
11101010100010001011100100101011
10101110000100001100010000010010
10101010011001001101000000010001
11000011100111010001011101110111
10000011111101111100100100010110
