00000000000000000000000000001101
00000000000000000000000000001010
10010000111001110001101000100111
01010111010101001011011011100101
00000000000000000000000000000000
01000100000110110101110110111010
01010111010101001011011011100101
00000100101101101101111101011100
11100100111000000100100110101100
11101001001000111110111111110110
11010011000001010011000011000001
10001010001101011010000100011011
10100001111000001110000010010100
00011000000010000111011101011101
10101100010000010111101100111111
11101100011010100101111101100110
11010100000111010110010011001111
00100110100111101000000000100000
11101010001001101000101001101010
00110011010111001100011001001011
10011010110110100000101111111000
11011001111001011001011001101101
10101100010111111001011010011100
10110010011011000011110101010111
10111101101101100110101110010000
00110101111010101001001110010000
00100101110101000010010010011011
11101101000010101110100100110000
11001110000010111110000001100101
00000000000000000000000000000111
11111111111111111111111111110011
10101011101110011110000001110010